100
6703 9323 2730
1265 6797 2202
4576 1376 2336
9534 8714 9093
1664 4088 737
4607 5329 9749
7955 1203 8184
7168 5120 5120
6702 2932 5462
6047 1775 7319
3072 5120 1024
6027 786 5287
4608 9728 7680
2048 6144 6144
9273 7892 8027
114 9428 8105
9845 9226 1670
2080 9120 1568
1578 6602 2506
4175 1109 9130
4432 4688 3056
8192 8192 8192
7242 9002 6066
754 9030 792
4968 8072 6360
4352 5376 8448
6720 1856 9792
3680 8864 4832
516 9885 6105
5952 5824 9408
9627 3073 5750
2048 6144 2048
6769 2295 4565
4096 4096 4096
4992 6486 3449
1276 9556 5716
5632 4608 3584
2476 2628 6203
3584 8704 8704
4096 4096 4096
2166 6327 9032
6912 9472 6912
580 6073 1281
2614 9777 7729
7168 3072 7168
207 2817 6607
8662 9818 9290
1546 6786 4534
4864 3328 8448
366 1266 9998
7472 3849 3579
2605 4985 4349
5120 7168 9216
4096 4096 4096
8832 2944 8320
816 1200 8312
9799 1272 5481
5376 9472 4352
1967 1633 3158
1068 2620 4428
7028 492 5044
6536 8675 3195
4096 4096 4096
1992 5610 7202
3454 6997 2202
562 6098 8965
2048 2048 6144
3328 7936 6400
1014 485 1030
9059 1828 4014
3617 9687 1184
4965 8758 670
8192 8192 8192
7040 7296 3200
3853 2340 1542
98 558 9513
728 4717 8825
4096 4096 4096
3104 851 1450
6144 6144 6144
6080 9792 2880
3863 4923 3310
3712 4736 3456
7807 995 3412
4754 5818 1646
215 5321 3662
5017 2376 5774
9384 8120 6152
8113 516 580
7874 8704 2411
8484 9892 8229
8977 9562 9708
8296 9752 9972
9631 9921 9490
9965 9254 9364
9202 8908 9502
8894 9380 9182
9966 8160 8528
7680 8704 9728
7680 9216 9728
