30
1000000000 1000000000
100000000 100000000
1000000000 23333333
1 1
10 1
898590099 464799421
414315673 389732890
183085539 537430041
208017461 108624921
937520745 819378995
145046093 667804191
139692929 9821141
918328921 357274389
288689317 641442485
535684879 495996781
666571001 801484103
900762101 299197241
725475570 493789113
122375067 69865377
851301889 524947425
329368737 555132489
245599561 174962981
99660581 445011421
913756625 769944417
207027751 854636060
283926481 275887113
972405081 569368001
629238001 877227557
711903806 116470571
364787713 125623251