100
1
2
3
4
5
6
7
8
9
10
1000000000
23333
998244353
25933903
944564099
532498665
180857389
568100297
531395110
628471443
441341401
971112577
218539521
116775441
733249701
869652101
818578957
262072729
804784641
280013249
592640417
334623639
443953005
415648096
694921249
53452661
48557339
400207361
641243911
649593473
288064341
124887261
32372071
65530001
855082345
289428911
474814064
614535514
467466046
246252585
549549273
909023521
325107801
225364451
483968225
928373786
610231701
404437281
233311569
508887089
77719463
394101917
789024401
928355569
944642089
242722671
666598539
590560961
189558601
392987465
394600449
962595303
435535476
774934344
796376017
439108801
730060641
663108183
830534937
723785713
609068381
140423547
738692321
244218749
161386881
911960873
882103376
56440769
930112637
152623030
156469745
868962601
65578001
877085793
187344196
534949911
107134561
93972395
890554657
322751427