100
998244353
19881
834
1003
31367
22040
18851
20220
1782
3883
3475
5878
20456
15600
10419
7556
25778
29815
21158
5967
21669
16357
1233
4281
20715
18628
19294
2766
9650
31901
10119
25719
20109
24521
26385
25585
10774
644
5398
29822
4313
19523
26632
27739
21357
4424
20723
28401
25572
9843
4098
16207
11878
26459
29253
5848
25880
25245
7345
21561
17218
8308
2153
5791
2994
14218
5180
6438
18011
9230
20334
25236
322
5383
25019
7495
6299
9192
13465
11116
18990
10852
16830
19314
6144
10883
10978
24766
15920
31990
32454
13473
16415
14760
20341
17287
20691
3733
32201
27249
