10
15
0 0 5
0 2 3
0 5 3
1 4 5
2 1 3
2 3 2
2 4 5
3 0 0
3 0 3
4 2 1
4 2 4
4 5 4
5 0 0
5 3 2
5 4 1
15
3 6 10
4 19 7
7 41 45
8 13 6
13 17 1
14 49 45
20 7 10
22 27 33
24 16 12
28 9 18
32 27 37
37 44 40
42 49 8
47 16 26
50 36 16
15
2 41 88
3 62 3
4 52 13
5 5 50
23 27 89
27 56 85
41 70 64
44 85 66
46 40 75
48 43 63
50 83 43
56 17 30
75 74 81
80 27 100
98 75 100
15
16 84 58
17 2 13
27 42 25
31 7 6
34 98 40
40 66 29
50 90 45
54 61 33
65 62 50
74 0 89
74 90 22
82 76 17
86 100 12
87 75 40
93 94 74
15
12 0 0
15 0 0
16 0 0
19 0 0
20 0 0
28 0 0
29 0 0
46 0 0
49 0 0
60 0 0
66 0 0
68 0 0
70 0 0
88 0 0
89 0 0
15
0 0 0
0 0 3
1 0 4
1 0 5
2 0 1
2 0 3
2 0 5
3 0 3
3 0 5
4 0 0
4 0 1
4 0 2
4 0 3
5 0 0
5 0 3
15
0 7 34
0 8 30
0 19 65
0 35 93
0 36 70
0 43 91
0 53 69
0 64 55
0 66 57
0 72 64
0 81 99
0 88 35
0 91 92
0 100 35
0 100 97
15
0 0 0
0 0 1
0 0 2
0 1 0
0 1 1
0 1 2
0 2 0
0 2 2
1 0 0
1 0 2
1 1 1
1 1 2
1 2 0
1 2 1
1 2 2
15
0 0 1
0 2 1
0 3 2
1 0 0
1 0 1
1 0 3
1 1 0
1 1 3
1 2 0
1 2 3
1 3 0
1 3 2
2 0 0
2 3 0
2 3 1
15
0 0 1
0 1 0
0 1 1
0 2 2
1 2 0
1 3 1
1 3 4
2 0 0
2 3 2
3 1 3
3 3 0
3 3 3
4 0 0
4 0 1
4 1 4
