50
1 5 3 2
2 5 4 2
1 10 49 1
1 10 52 0
1 10 52 5
1 10 52 50
50 800 800 0
50 799 799000000 50
50 799 799000000 0
50 799 799000001 0
50 799 798999999 0
50 799 799000799 0
50 799 799000800 0
50 799 799000798 0
50 799 799001597 0
50 799 799001598 0
50 799 799001599 0
50 799 799002396 0
50 799 799002397 0
50 799 799002398 0
50 799 799003195 0
50 799 799003196 0
50 799 799003197 0
50 799 799003994 0
50 799 799003995 0
50 799 799003996 0
50 799 799004200 0
50 799 799004200 100
50 799 799004200 204
50 799 799004200 205
50 799 799004200 206
50 799 799004200 207
50 799 799004200 797
50 799 799004200 798
50 799 799004200 799
50 799 799004200 800
50 799 799004200 801
50 799 799004200 1000
50 799 799004200 623456789
50 777 1000000000 0
50 800 1000000000 0
50 777 1000000000 998244353
50 800 1000000000 998244353
50 800 1 0
50 800 2 1
50 800 805 10
45 645 565464568 234234450
50 800 1000000000 999999999
1 800 1000000000 999999999
2 800 1000000000 999999999
