20
1
0
60
000000000000000000000000000000000000000000000000000000000000
000000000000000010000000000000000000000000000000000000000000
000000000000000000000000000000000000000000000000000000000000
000000000000000000000000000000000000000000000000000000000000
000000000000000000000000000000000100000000000000000000000000
000000000000000000000000000000000000000000000000000000000000
000000000000000000000000000000000000000000000000000000000000
000000000000000000000000000000000000000000000000000000000000
000000000000000000000000000000000000000000000000000000000000
000000000000000000000000000000000000000000000000000000000000
000000000000000000000000000000000000000000000000000000000000
000000000000000000000000000000000000000000000000000000000000
000000000000000000000000000000000000000000000000000000000000
000000000000000000000000000000000000000000000000000000000000
000000000000000000000000000000000000000000000000000000000000
000000000000000000000000000000000000000000000000000000000000
000000000000000000000000000000000000000000000000000000000000
000000000000000000000000000000000000000000000000000000000000
000000000000000000000000000000000000000000000000000000000000
000000000000000100000000000000000000000000000000000000000000
000000000000000000000000000000000000000000000000000000000000
000000000000000000000000000000000000000000001000000000000000
000000000000000000000000000000000000000000000000000000000000
000000000000000000000000000000000000000000000000000000000000
000000000000000000000000000000000000000000000000000000000000
000000000000000000000000000000000000000000000000000000001000
000000000000000000000000000000000000000000000000000000000000
000000001000000000000000000000000000000000000000000000000000
000000000000000000000000000000000000000000000000000000000000
000000000000000000000000000000000000000000000000000000000000
000000000000000000000000000000000000000000000000000000000000
000000000000000000000000000000000000000000000000000000000000
000000000000000000000000000000000000000000000000000000000000
000000000000000000000000000000000000000000000000000000000000
000000010000000000010000000000000000000000000000000000000000
000000000000000000001000000000000000000000000000000000000000
000000000000000000000000000000000000000000000000000000000000
000000000000000000000000000000000000000000000000000000000000
000000000000000000000000000000000000000000000000000000000000
000000000000000000000000000000000000000000000000000000000000
000000000000000000000000000000000000000000000000000000000000
000000000000000000000000000000000000000000000000000000000000
000000000000000000000000000000000000000000000000000000000000
000000000000000000000000000000000010000000000000000000000000
000000000000000000000001000000000000000000000000000000000000
000000000000000000000000000000000000000000000000000000000000
000000000000000000000000000000000000000000000000000000000000
000000000000001000000000000000000000000000000000000000000000
000000000000000000000000000000000000000000000000000000000000
000000000000000000000000000000000000000000000000000000000000
000000000000000000000000000000000000000000000000000000000000
000000000000000000000000000000000000000000000000000000000000
000000000000000000000000000000000000000000000000000000000000
000000000000000000000000000000000000000000000000000000000000
000000000000000000000000000000000000000000000000000000000000
000000000000000000000000000000000000000000000000000000000000
000000000000000000000000000000000000000000000000000000000001
000000100000000000000000000000000000000000000001000000000000
000000000000000000000000000000000000000000000000000000000000
000000000000000000000000000000000000000000000001000000000000
60
000001000000000100010000000110000010000010001000000011010001
000000010000010000001000000101000000010000000000110000010000
000100000001000001101100000001001010100000100000011110001000
000000001000110000100000001010000000000101000000000010011000
001000010000000010010010010000000000100000000000001001011000
000000011100010000001000001101011000001001100100000000000000
011000000001000011111000000000001000000100001000001100000001
000000000000000000000001010000000000000000000101100000000000
011010000010000100000010010010000100000010101000000010000010
001000010010000000000110000000010001000000001000010100000001
001000000000010000000000000000010111000100100000000000000000
000001000000000000010010000000001011101001000110100000000000
100011101010010100000001000011001000000000101100000000000110
010101000001001000000000000010101001000010001010001000000000
001010100101000001000000100000000000000000100100100001000000
000001001001011000010000001000000010100000000000001000000000
011000000000100000011001000000000000000010001101000000000001
010001000000000000000000001000001010000000100001000000000000
000101000010010100001000101000000000000000010000000000000000
001000000000000000000000001001100000100100000000001010010001
000000011000000000000010000001000000000000000000100000000000
000010000000000000000000000000000000001100000000000000111000
100100001010000100010100001100010000000110110110000000000100
000110000000011000001000000101010001010000100000100100001000
000110001000010001000000000001010110001100001001000000011000
001100110001001000000000000000000000100000001001000000011100
010000000001000000000000000001010000000000110000001001000010
100100010000100100000000000000010001010000000000000000000000
000000010000001001100101000001100000100010000000010000001000
000100101000101110000010010000000000000000000000010000000000
001000000000000001010000110000000000010000000010000000000000
000000001000010010100000011000000010010000100000101000000010
000000100010010000010110010000000000100100100000000000000100
010100100000000001000000100000001000000000000100001000010000
100000101010000000010001100000000000010010001000000010000110
000010001110100000100000010000000100011000110101000000000000
001001000000000000100000000000000000000100001000000000100000
010001110100000000010000010010010101000010001011000010000000
010000000000000000100100001100001000000000000001000001000011
000010010001001000100100000001101000100000000000100000100000
000000000100000100001101000000000000000100000000010010000001
111000000111110010010000000100101011010000000010000100000010
000000001000000100000000000010010100000110001001100000110000
000000000100000010000000011000000000110010001000000000100001
000000000000010000001011000001000100000000010010110000000000
000101000101001001101000001001000010000110000000010001001000
000000010001000000000100000001010010000000100000000010010000
001010000000001011000010000000001000101100000000010000000100
110000001000000000000100000000010000000001000000000010000000
000000001001000010000000000100000000000000000000000000001000
000101010101000000000000000000000000100110000010010001100000
000010000000001000001000000010010000001000000000100000100110
000000001111001000000000100001000000000000001100000000000010
000010100000100000000010000000000000100011000000000000000000
110000010000001010000001100000100000000001100100000100010000
000000000000010000000000001001000000000000000010000000000100
000100000010000001000010000000100000100000010000001010000010
000001000011000000100000000000001001001000000000000000000000
100110000001000001000010000000000011000100010000000100011000
010000000000100001010000000011010000000101000000000000110010
60
011111111111111111111111111111111111111111011111111111111111
101111111111111111111111111111111111111111111111111111111111
110111111111111111111111111111111111111111111111011111111111
101011111111111110111111110111111111111111111111111111111111
111101111111111111111111111111011111111111111111111111111111
111110111111111101111111111111111111111111111111111111111111
111111011111111111111111111111011111111111111111111111111111
111111101111111111111111111111111111111111111111111111011111
111111110111111111111111111111111111111111111111111111111111
111111111011111111111111111111111111111110111111111111111111
111110111101111111111111111011111111111111111111111111111111
111111111110111111111111111111111111111111101111111111111111
110111111111011111110111111111111111110111111111111011111111
111111111111101111111111111111111111111111111111111111111111
111111111111110111111111111011111111111111111111111111111111
111111111111111011111111111110111111111111111111111111111111
111111111011111101101111111111111111111111111111111111111111
111111111111111110111111110111111111111111111111011111111111
111111111111111111011111111111111111111111111111111111111111
110111111111111111101111111111111111111111111111111111111011
111111111111111111110111111111111111111111111111111111111111
111111111111111111111011111111111111111111011111101111111111
111111111111111111111101111111111111111111101111111111111111
111111111111111111111110011111111111111111111111111111111111
111111111111111111111111011111011111111111111111111101111111
111111111101111111111111101111111111111111111111110111111101
111111111111111111111111110111111111111111011111111111111111
111111111111111111111111111011111111110111111111111111111111
111101111111111111111111111101111111111111111111101111111111
101111110111111111111111111110111111111111111111111111111111
111111111111111111111111111111011111111111111111111111111111
111111111111111111111111111111101111111111111111111111111111
111111111111111011111111111111110111111111110110111111111111
111111111101011111111111111011111011111111111111011111111111
111111111111111111111110111111111101111111111111111111111111
111111111100111111111111111111111110111111111111111111111111
111111111111111111111111111111111011011111111111111111111111
111111111111111111011011111111111111101111111111111111111111
111111111111111111111111111110111111110111101111111111111111
111111111111101111111111111111111101111011111111011111111111
111111111001111111111111111111111111111101111111011111111111
111111011111111111111011111111111111101110111111111111111111
111111111111111111111111111111111111111111011111101111111111
111111111111111111111111111111111111111111001111111111111111
111111111111111111111111111111111110111111110111111111111111
111111111111111111111111111111111110111111111011111111111111
111111111111111111111111111111111111111111111101111111111111
111111111111111111111111111111111111111111111110111111111111
111111111111111111111111111111111111111111111111011111111111
111111111111111111111111111111111111111111111111001111111110
111111111111111110111111111111111111011111111110110111111111
111111111111111111111111111111111111111111111111111011111111
111111111111111111111111111111111111111111111111111101111111
111111111111111111111111111101111110111111111111111110111111
111111111111111111111111111111111111111111111111111111011111
111111111111111111110111111111010111111111111111111111101111
111111111111111111111111111111111111110111011111111111110111
111111111110111111111111111111111111111111111111111111111011
111111111111111111111110111111111111111111111111111111111101
101111111111111111111111111111111111111111111111111111111110
60
000100101000000000000000100000000000011000000000000000000000
101000001010001000000000111000101010111000000000010100000001
100010000001000000000000000010001000001000110001110001011011
000000101001101000000000100000000000011010001000000010000000
000010000000000000000000001000000000010010000000000010000000
000010011000000000110000001000010000000110000000100110000000
000100000000001110001000000000000000000000000000010000010000
100110000000011010001010000000000000000010000000010000110000
000000010000010000000010001000000000000010001000000000000000
000010000000011000001000000000000101000000101101000100110001
100010000100000000101000000000000100000000110010110100000100
000000000000000010000010000000000000000000000000000010000000
000000000000000000001000001000000000000000001000010000000000
100100010000100110100000001000000000010000001000000000100000
100010011000010100101010001000000000000000000000000100100000
100010101000000010100000001010000000001000000000000000010000
000000100001101000000000000000000000010010001000000000100000
011100000010010000010000100000010000000100000000010000100001
000000011000001000001000001000000000000000000000010000110000
000001010000101000000000001100000000000000000010010000010000
100100000000000010001000100000000000000000000000000000110000
011000000001010000000011000010000110000000000010110000010001
000000000000010000100000101010000000000000001000000000100000
000001000000000100001000000000100001000001000000110000000000
000100000000000010000010000000000000000010000000000100000000
011001001000000000000101100000000010000000110110000000010110
000110000000000100000000000010000000000000000000000110000000
000101001000100000010001001000000000000000000000101000100010
000010110000011010001000100000000000000010001000000000000000
000001001000000100001000000100000001010001001100100000100000
000000010000000000101000000100000001010000001100001000000000
000000011000000000000011000001110000101100000110001000000000
100000100000000000000000000000001101000000000001000000001011
000011101000010000000000010000000010000000000000010100100000
010001000011000000000101010001001010100010000010010000011101
000000100001010100111000000000010001010000000110001000110000
000000100000000000100000001010000000000001000000000000000010
000000000000001000001000000010000000001000001000000100100000
000000000001001100000000001000000000000010001000010000000000
000100000000101000011000000001110001100000000010000100000000
000000000000000100000000101010000000000000000000000000010000
000010000000010010000010100000110000000010000000000100100000
000010001100000000001000000000000100000011000010000000000000
010000100000100000000010000010010000001100001000000011000000
100000010000101100101000000000000000011000000000000100100000
000011100001010000000011000001010000100110000000001000110010
100101000000000000100000001000100000110000000000000110000000
001000000101000100000000000100101101100000001001111100101000
000000101000000000000001000000000000010000001100100010000010
100000000000000100100010100000000000000000001000010100010000
000001000000011000000000000001000001010000001000010100000010
000110100000100000000010000000000000000000001000010000000000
000000011000011100000000000010000000010010000000000100000000
000000000000000000000101000011000010101000010001000100000000
000100000001000000001000100010000000001000000000000100000000
000000000000100000000000000000000000000000000000010010000000
000001000010000101000000000000000010000000001000000001000100
011100010110010000100010000001000100000000010000001000010000
000000000001010000110001000000100000000001000110000010110010
100000000000001000000101000110010000000000011000000001001100
60
000000001000000000000000100000000000000000000000000000000000
010000000010000001000000000001010000000010000000000000010000
001100000000010000000111000000000100000000010000010000000000
101100100011000000100100000000000100001010100001000100000001
100000100110000000011101010000001000000100000000110000000100
100100000000100000010000000000000000000000000010100000011001
000000001000010000000000000000000100000100000000000000000000
001110000000001000000000000000001010000010011110000000000001
000000000010000000000000100000000000000010000000010010000010
000000000000001000001001000000000000001000000100000100100100
000000000001000000000000000000000000000000000000000100000000
000000000001000000000001000001000000000100000000010000100000
100000001000110000000000000001000010000000010001010010100000
010000000000000000000000100000010000000000110000100000100000
001000011000001000000000000101001000000000000100001000000000
100001101101001000010000000011101110000000000010000010100000
001000000000000000000001001100000010001000000000000000000010
000000000000010000000001000001000000000010110000000000100000
100000100000000000001100001000010001000000000000000000100000
100000000000000000000010000101000100000000101001000000010000
100000000000000000000001000000000001001101000110010000110010
000000101000110000000100000000000000000000001000000110000011
000000000000000001000011010001000001000010000000000010000000
000000000000000000000000000001000000000010101000000000000000
000000000000000001000000100000010000000000011000010000010000
100000000000000001000000010100000000001100000000001000100000
000000000010110000000100001000000001000100000000100000110000
000000100000100000010000100000000000000000000000001000100001
010000000000100100000001101000000100000000010001001010100000
000000000000000000000000000000000000000000000000000000100010
000110000001000000010000010100001000100000000000000110000001
000000000000000000000001000000000000000010101000010000000000
001100001100010000001001000000000011000010110010000010000010
000000000000000000000000000001000000000000000000000000000000
000000100010010000011010000000010110000000010110000000000000
000000000010000001000000000000010000000000000000000100000000
000000000101000010010000000000000001100000000000000000110000
100000000110010000000000001000000100101101000110000010010000
010000000000100000010011000001010001000000000010000000000000
000000000000000000000000000000000000000100101000010100000000
000000000000000000000000000000000000000010000000000000000000
000000000011000001010001000000000000001001100011000010100011
000000000000000000000000000000000000000100001000010000000000
000000000000000000000001000000000001000000010000010000110001
000000000000000000000001000000000000000000000000000000000000
000000000001000001000010000000000001000001101000000000000000
000000000000000000000000100000000000000000011000000000110001
010000000000000000000000010000000000000000111101000000010000
000000000000000000000000000000000000000000000000000000000000
000000000000000000000000000000010000000000000000000000000000
000000001000000001001000000101010100000001001000000000000010
000000000000000000000001000000010000000000100000000100000000
000000001001000000000000000001000100000000000000010000000010
000100010000100000110010000000000000000100000010000001000100
000000000000000000000000000001000100000010000000000000000000
000000000001000001000000000000000001000000011000100000000001
100100101001000000000001001000001110100011000001000000000010
000000110101001000100000000100000000100011000000000000010100
000000000000000000000000000000000100000000000000000000000010
000000000000000000000000000000000101000010001000010000100011
60
000000000000000000000000000000000000010000000000000000000000
000000000000000000000000000000000000000000000000000000001000
000000000000100000000000000000000000000000000000000000000000
000000000010000000000000000000000000000000000000000000000000
000000000000000000000000000001000000000000000000000000000000
000000000000000000000010000000000000000000000000000000000000
000000000000000000000000000000000000000000000000000000000000
000000000000001000000000000000000000000000000000000000000000
000000000100000000000000000000000000000000000000000000000000
000000000000000000000000000000000000000000000000100000000000
000000000000000000000000000000000000000000000001000000000000
000000000000000000000000000000001000000000000000000000000000
000000000000000000000000000000000000000000000000000000000001
000000000000000100000000000000000000000000000000000000000000
000000000000000000000000000010000000000000000000000000000000
000000000000000000000001000000000000000000000000000000000000
000010000000000000000000000000000000000000000000000000000000
000000010000000000000000000000000000000000000000000000000000
000000000000000000000000000000000000000000000010000000000000
000000100000000000000000000000000000000000000000000000000000
001000000000000000000000000000000000000000000000000000000000
000000000000000000000000000000000000000000000000000001000000
000000000000000000000000000000000000000000010000000000000000
000000000000000000000000000000000000000000000000000100000000
000000000001000000000000000000000000000000000000000000000000
000000000000000000100000000000000000000000000000000000000000
000000000000000000000000000000000000000000000000000000000010
000000000000000000000000000000000000000000100000000000000000
000000000000000000000000000000000000000100000000000000000000
000000000000000000000000000000000000000000000100000000000000
000000000000000000000000001000000000000000000000000000000000
000100000000000000000000000000000000000000000000000000000000
000000000000000000000000000100000000000000000000000000000000
000000000000000000000000000000010000000000000000000000000000
000000000000000000000000000000000000000001000000000000000000
000000000000000000000000000000000000000000001000000000000000
000000000000000000000000000000000100000000000000000000000000
000000000000000000000000000000000000000000000000001000000000
000001000000000000000000000000000000000000000000100000000000
000000000000000000000000000000000000000000000000000010000000
000000000000000000000000010000000000000000000000000000000000
010000000000000000000000000000000000000000000000000000000000
000000000000000000000000000000100000000000000000000000000000
000000000000000000010000000000000000000000000000000000000000
000000000000000000000000100000000000000000000000000000000000
000000000000000000001000000000000000000000000000000000000000
000000000000000000000000000000000010000000000000000000000000
000000000000010000000000000000000000000000000000000000000000
000000000000000000000000000000000001000000000000000000000000
000000000000000000000000000000000000001000000000000000000000
000000000000000000000100000000000000000000000000000000000000
000000000000000000000000000000000000000000000000010000000000
000000000000000000000000000000000000000010000000000000000000
000000000000000000000000000000000000100000000000000000000000
000000000000000000000000000000000000000000000000000000010000
000000001000000000000000000000000000000000000000000000000000
000000000000000010000000000000000000000000000000000000000000
000000000000000000000000000000000000000000000000000000100000
000000000000000001000000000000000000000000000000000000000000
100000000000000000000000000000000000000000000000000000000000
60
000000000000000000000000000000000000000010000000000000000000
000000000000000000001000000000000000000000000000000000000100
000000000000000000000100000000000000000000000000000000000000
000000000000000000000010000000000000000000000000000000000000
000100000000000000000000000000000000000000000000000000000000
000000000010000000000000000000000000000000000000000000000000
000000000000000000000000000000000000000000000000000001000000
000000000000000000000000001000000000000000000000000000000000
000000000100000000000000000000000000000000000000000000000000
000000000000000000000000000000000000000000000100000000000000
000000000000000000000000000000000000100000000000000000000000
000000000000000000000000000010000000000000000000000000000000
100000000000000000000000000000000000000000000000000000000000
000010000000000000000000000000000000000000000000000000000000
000000000000000000100000000000000000000000000000000000000000
000000100000000000000000000000000000000000000000000000000000
000000000000000000000000000000000000000001000000000000000000
000000000000000000000000000000000000000000000001000000000000
000000000000000001000000000000000000000000000000000000000000
000000000000000000000000000001000000000000000000000000000000
000000000000000000000000000000000000000000010000000000000000
000000000000000000000000000000010000000000000000000000000000
000000000000000000000000000000000000010000000000000000000000
000000000000000000000000000000000000000000000000000000100000
000000000000000000000000000000000000000000000000000000000001
000000000000000000000000000000000000000000000010000000000000
010000000000000000000000000000000000000000000000000000000000
000000000000000000000000000000000000000000001000000000000000
000000000000000000000000000000000100000000000000000000000000
000000000000000000000000000000000000000000100000000000000000
000000000000000000000000000000000001000000000000000000000000
000000000000000000000000000000000000000000000000001000000000
000000000000100000000000000000000000000000000000000000000000
000000010000000000000000000000000000000000000000000000000000
000000000000000000010000000000000000000000000000000000000000
000000000000000000000000000000000000000000000000000010000000
000000000000000000000000010000000000000000000000000000000000
000000000001000000000000000000000000000000000000000000000000
000000000000000000000000000100000000000000000000000000000100
000000000000000000000000000000000000000000000000000100000000
000000000000000000000000000000000000000000000000000000000110
000001000000000000000000000000000000000000000000000000000000
000000000000000000000000000000000010000000000000000000000100
000000000000010000000000000000000000000000000000000000000000
000000000000000000000000000000100000000000000000000000000000
000000000000000000000000100000000000000000000000000000000000
000000000000000000000000000000000000000000000000010000000100
000000000000000000000000000000000000000000000000000000000000
000000000000000010000000000000000000000000000000000000000000
000000000000000000000000000000000000000000000000100000000000
000000000000000000000000000000000000000000000000000000010000
000000000000000100000000000000000000000000000000000000000000
001000000000000000000000000000000000000000000000000000000000
000000000000000000000000000000000000000000000000000000001000
000000000000000000000000000000001000000000000000000000000000
000000000000000000000000000000000000001000000000000000000000
001000000000100000010000001000000000000000000000100000000001
000000000000001000000000000000000000000000000000000000000000
000000000000000000000001000000000000000000000000000000000000
000000001000000000000000000000000000000000000000000000000100
60
000000001000000000000000000000000000000000000000000000000000
000100000000000000000000000000000000000000000000000000000000
000000000000000000000000000000000000000000000000000000000000
000000000000000000000000000000100000000000000000000000000000
000000000000000000000000000000010000000000000000000000000000
000000000000000000000000000000000000100000000000000000000000
000000000000000000000000000000000000000000000000000000001000
000000000000000000000000000000000000000000000010000000000000
000000000000000000000000000010000100000000000000000000000000
000000000000000000010000000000000000000000000000000000000000
000000000000000000000000000000000000000000000000000000010000
000000000000000000000000000000000000000000000000000000100000
000000000010000000000000000000000000000000000000000000000000
000000000000000000000100000000000000000000000000000000000000
000000000000000010000000000000000000000000000000000000000000
000000000000000000000000000000000000000000001000000000000000
000000000000000100000000000000000000000000000000000000000000
000000000000000000000000000000000000000001000000000000000000
000000000000000000000000000000000000000000000000000000000001
001000000000000000000000000000000000000000000000000000000000
000000000000000000000000001000000000000000000000000000000000
000000000001000000000000000000000000000000000000000000000000
000000000000000000000000000000000000000010000000000000000000
000000000000000000000000100000000000000000000000000000000000
000000000000000000000000000100000000000000000000000000000000
000000000000000000000000000001000000000000000000000000000000
000000000000000001000000000000000000000000000000000000000000
000000000000000000000000000000000000000000100000000000000000
000000000000000000000000000000000000000000000000000100000000
000000000000000000000000000000000100001000000000000000000000
000001000000000000000000000000000000000000000000000000000000
000000000000000000001000000000000000000000000000000000000000
000000100000000000000000000000000000000000000000000000000000
000000000000000000000000000000000000000000000000001000000000
000010000000000000000000000000000000000000000000000000000000
000000000000000000000000000000000000000000010000000000000000
000000000010000011000100000000000000000000000010000000000100
000000000000100000000000000000000000000000000000000000000000
000000000000000000000000000000000000000000000001000000000000
000000000000000000100000000000000000000000000000000000000000
000000000000000000000000010000000000000000000000000000000000
000000000000000000000000000000000100000000000000000000000010
000000000000000000000000000000000000000000000000000000000100
000000000000001000000000000000000100000000000000000000000000
000000000000000000000000000000000000000000000000100000000000
000000000000000000000000000000000010000000000000000000000000
100000000000000000000000000000000000000000000000000000000000
000000000000000000000000000000000000010000000000000000000000
000000000000000000000000000000000001000000000000000000000000
000000000000000000000010000000000000000000000000000000000000
000000000100000000000000000000000000000000000000000000000000
000000000000000000000000000000000000000100000000000000000000
000000000000000000000000000000000000000000000100000000000000
010000000000000000000000000000000000000000000000000000000000
000000000000010000000000000000000100000000000000000000000000
000000000000000000000000000000000000000000000000010000000000
000000000000000000000000000000000000000000000000000010000000
000000000000000000000001000000000100000000000000000000000000
000000000000000000000000000000001000000000000000000000000000
000000010000000000000000000000000000000000000000000000000000
60
000000000000000000000000000000000000000010000000000000000000
000000000000000000000000000000000000000000000000000000001000
000000000000000000000000000000000000000000000000000010000000
000000000000000000000000000000000000000000000000010000000000
000000000000000000000000100000000000000000000000000000000000
000000000000000000000000000000010000000000000000000000000000
000000000100000000000000000000000000000000000000000000000000
000000000000000000000000001000000000000000000000000000100000
000000000000000000000000000010000000000000000000000000000000
000000000000000000000000001000000000000000000001000000000000
000000000000000000000000000001000000000000000000000000000000
000010000000000000000000000000000000000000000000000000000000
000000000000000000100000000000000000000000000000000000000000
000000000000000000000000000000000010000000000000000000000000
000000000000000100000000000000000000000000000000000000000000
000000000000000000000010000000000000000000000000000000000000
000000000000000000000000001000000000000000000010000000000000
000100000000000000000000000000000000000000000000000000000000
000000000000000000000000000000000000000000000000000000000010
000000000000000000000000000000000000000000100000000000000000
010000000000000000000000000000000000000000000000000000000000
000000000000001000000000000000000000000000000000000000000000
000000000000000000000000000000000000000000000000000000000001
000000000000000000000000000000000000000000010000000000000000
000000000000000000000000000000000001000000000000000000000000
000000000000010000000000000000000000000000000000000000000000
000000000000000000000000000000000000000000000000000000000000
000000000000000000000000000000000000000000000000000001000000
000000000000000000000000000000000000100000000000000000000000
000000000000000000000000000000000000010000000000000000000000
000000000000000000000000000000000000000000001000000000000000
000000000010000000000000000000000000000000000000000000000000
000000000000000000000000000000000000000000000000000100000000
000000000000000000000000010000000000000000000000000000000000
000000010000000000000000000000000000000000000000000000000000
000000100000000000000000000000000000000000000000000000000000
000000000000000000010000001000000000000000000000000000000000
001000000000000000000000000000000000000000000000000000000000
100000000000000000000000000000000000000000000000000000000000
010001010001000001000000000000000000000000100010000000000000
000001000000000000000000001000000000000000000000000000000000
000000000000000000000000001000001000000000000000000000000000
000000001000000000000000000000000000000000000000000000000000
000000000000000000000000000000000000000000000000000000000100
000000000000000000000001000000000000000000000000000000000000
000000000000000000000000000000000000001000000000000000000000
000000000000000010000000000000000000000000000000000000000000
000000000001000000000000000000000000000000000000000000000000
000000000000000000000000000000100000000000000000000000000000
000000000000000001000000001000000000000000000000000000000000
000000000000000000000000000000000000000000000000000000010000
000000000000000000001000000000000000000000000000000000000000
000000000000000000000000000000000000000000000100000000000000
000000000000000000000000000000000000000000000000100000000000
000000000000100000000000000000000000000000000000000000000000
000000000000000000000000000000000000000001000000000000000000
000000000000000000000100000000000000000000000000000000000000
000000000000000000000000000000000100000000000000000000000000
000000000000000000000000000100000000000000000000000000000000
000000000000000000000000000000000000000000000000001000000000
60
000000000000000000000100000000100000000000000000000000000000
000000000000000000000000000000000000010000000000000000000000
000000000000000000000000000000001000000000000000000000000000
000000000000000000000000000000000000000000000000100000000000
000000000000001000000000000000000000000000000000000000000000
000000000000000000000000000000000000000000000100000000000000
000000000000000000000000000000000000000000100000000000000000
000000000000010000000000000000000000000000000000000000000000
000000000000000000000000000000000000000000000000000000001000
000000000000000000000000000000000000001000000000000000000000
000000000000000000000000000000000000000000000001000000000000
000000000000000000000000000000000000000000000000010000000000
000000000000000000000000000010000000000000000000000000000000
000000000000000000000100000000000000000000000000000000010000
100000000000000000000000000000000000000000000000000000000000
000000000000000000000000000000000000000010000000000000000000
000000000000000000000000000100000000000000000000000000000000
000100000000000000000000000000000000000000000000000000000000
000000000100000000000000000000000000000000000000000000000000
000000000000000000000000000000010000000000000000000000000000
000000000000000100000000000000000000000000000000000000000000
000000000000000000000000000000000000000000000000000000000000
000000000000000001000000000000000000000000000000000000000000
000000000000000000000000000000000000000000000000000001000000
000000000100010000000000010100001000000000010000001000000000
000000000000000000000100000000000010000000000000000000000000
000000000000000000000000000000000000000000001000000000000000
010000000000000000000000000000000000000000000000000000000000
000000000000000000000000000001000000000000000000000000000000
000000000000000000000000000000000000000000000000000000000100
000000000000000000000000000000000000000000010000000000000000
000000000000000000000000000000000000000100000000000000000000
000000000000000000000000000000000000000001000000000000000000
000000000000000000010000000000000000000000000000000000000000
000000000000000000000000010000000000000000000000000000000000
000000000000000000000000000000000000000000000000000000000001
000000000000000000000010000000000000000000000000000000000000
000000000000000000000000000000000100000000000000000000000000
000000000000000000001000000000000000000000000000000000000000
000000100000000000000000000000000000000000000000000000000000
000001000000000000000000000000000000000000000000000000000000
000000000000000000000000000000000000000000000000000100000000
000000000010000000000100000000000000000000000000000000000000
000010000000000000000000000000000000000000000000000000000000
000000000000000000000000000000000000100000000000000000000000
000000000000000000000100000000000000000000000000000010000000
000000000001000000000000000000000000000000000000000000000000
000000000000000000000000000000000000000000000000000000100000
000000000000000000100000000000000000000000000000000000000000
000000001000000000000100000000000000000000000000000000000000
000000000000000000000000000000000001000000000000000000000000
000000000000000000000001000000000000000000000000000000000000
000000000000000000000000000000000000000000000000000000000010
000000000000000000000000000000000000000000000010000000000000
000000000000000010000000000000000000000000000000000000000000
000000010000000000000000000000000000000000000000000000000000
001000000000000000000000000000000000000000000000000000000000
000000000000000000000000000000000000000000000000001000000000
000000000000000000000000001000000000000000000000000000000000
000000000000100000000100000000000000000000000000000000000000
60
000000000000000000000000000000000000000000000010000000000000
000000000000000000000000000000000000000000000000000000000001
000000000000000000000000000000100000000000000000000000000000
000000000000000000000000000000000000010000000000000000000000
010000000000000000000000000000000000000000000000000000000000
000000000000000000000000000000001000000000000000000000001000
000000000000000000010000000000000000000000000000000000000000
000000000000000000100000000000000000000000000000000000000000
000000000000000000000000000000000000000000000000000000000010
000000000000000000000110000000000000000000010001010000000001
000000000000000000000000000000000000000000000000000001000000
000000000000000000000000000000000000001000000000000000000000
000000000000000000000000000000001000000001000000000000000000
000000000000000000000000000000000000000000000000000100000000
000000001000000000000000000000001000000000000000000000000000
000000000000000000000000100000000000000000000000000000000000
000000000000000000000000000000000000000000000001000000000000
000000000000000000000000000000000000100000000000000000000000
001000000000000000000000000000000000000000000000000000000000
000000000000000000000000000000000001000000000000000000000000
000000000000000000000000000000000000000000001000000000000000
000000000000100000000000000000000000000000000000000000000000
000000000000000000000000001000000000000000000000000000000000
000000000010000000000000000000000000000000000000000000000000
000000000000000000000001000000000000000000000000000000000000
000000000000000000000000000100000000000000000000000000000000
000000000000000000000000010000000000000000000000000000000000
000000000000000000000000000000000000000000000000000000010000
000000000000000000000000000000000000000000010000000000000000
000000000000000000000100000000000000000000000000000000000000
000001000000000000000000000000000000000000000000000000000000
000000000000000000000000000000000000000000000000010000000000
000000000000000000000000000000000000000000000000100000000000
000000000000000000000000000001000000000000000000000000000000
000100000000000000000000000000000000000000000000000000000000
000000000000010000000000000000000000000000000000000000000000
000000000000000100000000000000000000000000000000000000000000
000000000100000000000000000000000000000000000000000000000000
000000000000000000000000000000000000000100000000000000000000
000000000000000010000000000000001000000000000000000000000000
000000000000000000000000000000000000000000000000001000000000
000000000000000000000000000000000100000000000000000000000000
000000000001000000000000000000000000000000000000000000000000
100000000000000000000000000000000000000000000000000000000000
000000000000000000000000000010001000000000000000000000000000
000000000000000000000000000000000010000000000000000000000000
000000000000000001000000000000000000000000000000000000000000
000000000000000000000000000000000000000010000000000000000000
000000000000000000000000000000000000000000000000000000000000
000000000000001000000000000000000000000000000000000000000000
000000000000000000000000000000000000000000100000000000000000
000000000000000000000000000000000000000000000000000000000100
000000000000000000000000000000000000000000000000000000100000
000000000000000000001000000000000000000000000000000000000000
000000000000000000000000000000010000000000000000000000000000
000000100000000000000000000000000000000000000000000000000000
000010000000000000000000000000000000000000000000000000000000
000000000000000000000010000000001000000000000000000000000000
000000000000000000000000000000000000000000000000000010000000
000000010000000000000000000000000000000000000000000000000000
60
000000000000000000000000000000000000000000000000000100000000
000000000000000000000000000000000001000000000000000000000000
000000000000000000000001000000000000000000000000000000000000
000000100000000010000000000000000000000000000000101011000000
000000010000000000000000000000000000000000000000000000000000
000000000000000100000000000000000000000000000000000000000000
000000000000000000000000000000000000000010000000000000000000
000000000000000000000000000000000000000000000000000000100000
000000100000000000000000000000000000000000000000000000000010
000000000000010000000000000000000000000000000000000000000000
000000000000000000000100000000000000000000000000000000000000
000000000000000010000000000000000000000000000000000000000000
000000000000000000000000000000000000000001000000000000000000
000000000000000000000000000000000000000000000000000001000000
000000000000000000000000000000000000000000000000000000010000
000000000000000000000000000000000100000000000000000000000010
000000000000000001000000000000000000000000000000000000000000
000000000000000000000000001000000000000000000000000000000000
000000000000000000000000010000000000000000000000000000000000
000000000000000000000000000001000000000000000000000000000000
000000000000000000000000000000000010000000000000000000000000
000010000000000000000000000000000000000000000000000000000000
000000000000000000000000000000000000000000000001000000000010
000000000000000000000000000000000000000000000000010000000000
000000000000000000000000000000000000000000000100000000000000
000000000100000000000000000000000000000000000000000000000010
001000000000000000000000000000000000000000000000000000000000
000000001000000000000000000000000000000000000000000000000000
000000000000000000000000000100000000000000000000000000000000
000000000000001000000000000000000000000000000000000000000000
100000000000000000000000000000000000000000000000000000000000
000000000000000000000010000000000000000000000000000000000000
000000000000000000000000000000000000000000000000100000000000
000000000000000000000000000000001000000000000000000000000000
000000000000000000000000000000000000000000100000000000000000
000000000000000000000000000000000000000000000000000000000000
000000000000000000000000000010000000000000000000000000000000
000000000001000000000000000000000000000000000000000000000000
000000000000100000000000000000000000000000000000000000000000
000000000000000000000000000000000000000000000010000000000000
000000000000000000000000000000000000000000000000000000001000
000001000000000000000000000000000000000000000000000000000000
000000000000000000000000000000000000000000001000000000000000
000000000000000000000000000000010000000000000000000000000000
000000000000000000000000000000000000000000010000000000000000
000100000000000000000000000000000000000000000000000000000000
000000000000000000001000000000000000000000000000000000000000
000000000000000000000000000000000000000000000000000010000000
000000000000000000000000000000000000001000000000000000000000
000000000010000000000000000000000000000000000000000000000000
000000000000000000010000000000000000000000000000000000000000
000000000000000000000000000000000000000000000000000000000100
000000000000000000000000000000000000000100000000000000000000
000000000000000000100000000000000000000000000000000000000000
000000000000000000000000000000000000010000000000000000000010
000000000000000000000000000000100000000000000000000000000000
000000000000000000000000000000000000100000000000000000000000
000000000000000000000000000000000000000000000000001000000010
010000000000000000000000000000000000000000000000000000000000
000000000000000000000000100000000000000000000000000000000000
60
000000000000000000000000000000000000000000000010000000000000
000000000000000000000000000001000000000000000000000000000000
000000000000010000000000000000000000000000000000000000001000
000000000000000000000000000000000000000000000000000001000000
000000000000000000000000000000000000000000000001000000000000
000000000000000000000000000000000000000000000100000000000000
000000000000000000000000000000001000000000000000000000000000
000000001000000000000000000010000000000000000000100000000000
000000000000000000000000000000000000000000000000000000000100
000000000000000000000000000000000000000000000000000000000001
000000000000000000000000000000000000000000000000000100000001
000000000000000010000000000010000000000000000000000000000000
000000000000000000000000000000000000001000000000000000000000
000000000000010000000000000000000000000000000000000000001000
000000000000000000000010000000000000000000000000000000000000
100000000000000000000000000000000000000000000000000000000000
000000000000000000000000000000000000000000100000000000000000
000000000000000001000000000000000000000000000000000000100000
000000000000000001000000010000000010000000000000000000000000
000000000000000000000001000000000000000000000000000000000000
000000000000000000000000000000000000010000000000000000000000
000000000000000000000000000000000000000000000001010000000000
000000000000000000000000000000100000000000000010000000000000
000000000000000000001000000000000000000000000000000000000000
000000000000000000100000000000000000000000000000000000000000
000001000000000000000000000000000000000000000000000000000000
001000001000000000000000000000000000000000000000000000000000
000010001000000000000000000000000000000000000000000000000000
000000000001000000000000000000000000000000000000000000000000
000000000000000000000000000000000000000000000000000000000010
000000000000000000000000000000000000000100000000000000000000
010000000000000000000000000000000000000000000000000000000000
000000000000000000000000000000000100000000000000000000000000
000000000000100000000000000000000011100000110000000000000000
000000000000000000000000000000000010000000000000000010000000
000000000000000000010000000000000000000000000000000000000000
000000000000010100000000000000000000100000000000000000000000
000000001000000000000000000000000001000000000000000000000000
000000000000000000000100000000000000000000000000000000000000
000000000000010000000000000000000000000000001000000000000000
000000000000000000000000000000000000000000000000000000000000
000000000000000000000000000100000000000000000000000000000000
000000000000000000000000000000010000000000000000000000000000
000000000010000000000000000000000000000000000000000000000000
100000000000000000000000001000000000000000000000000000000000
000000001000000000000000100000000000000000000000000000000000
000000000000011000000000000000000000000000000000000000000000
000000000000100000000000000000000000000000000000000000000000
000000000000000000000000000010000000000000000000000000000000
000000000000000000000000000000000000000001000000000000000000
000000100000000000000000000000000000000000000000000000000000
000000000100000000000000000000000000000000000000000000000000
000000000000000000000000010000000000000000000000000000000000
000000001000000000000000000000000000000000010000000000000000
000000000000000000000000000000000010000000000000000000000000
000000010000000000000000000000000000000000000000000000000000
000000000000000000000000000000000000100000000000000000000000
000000000000000000000000000000000000000010000000000000000000
000000000000000000000000000000000000000000000000000000010000
000100000000000000000000000000000000000000000000000000000000
60
000000000000000000000000000000000000000000000001000000000000
000000000000000000000100000000000000000000000000000000000000
000100000000000000000000000000000000000000000000000000000010
000000000000000000000000000000000000000000000000000000001000
000000000000000000000000000000000000001000000000000000000000
000000000000000000000000000000000000000000000000000001000000
000000000000000000000000000000000000000010000000000000000000
000000000000000000000000001000000000000000000000000000000000
000010000000000000000000000000000000000000000000000000000000
010000000000000000000000000010000000000000000000000000000000
000000000000000001000000000000000000000000000000000000000000
000000000000000000000000000000000000000000000000000100000000
000000000000000000000000100000000000000000000000000000000000
000000000000000000010000000000000000000000000000000000000100
000000000010000000000000000000000000000000000000000000000000
000000000000000000000000000000010000000000000000000000000000
000000000000000000000000010000000000000000000000000000000000
000000000000000000000000000000100000000001000000000000000000
000000000000000000000000000100000000000000000000000000000000
000000000000010000000000000000000000000000000000000010000000
000000001000000000000000000000000000000000000000000000000000
000000000000000000001000000000000000000000000000000000000000
000000000000000000000000000000000000000000000100000000000000
000100000000000000000000000000000010000000000000000000000000
000000000000000100000000000000010000000000000000000000000000
000100000000010000000000000000000000000000000000000000000000
000100100000000000000000000000000000000000000000000000000000
000000000000000000000000000000000000000000000000100000000000
000000000000000000000000000000000000000000000000001000000000
000000000000000000000000000000000000100000000000000000000000
000000000000000000000000000000000001000000000000000000000000
000000010000000000000000000000000000000000000000000000000000
000000000000000000000000000000000000000000000000010000000000
000001000000000000000000000000000000000000000000000000000000
000000000000000000000000000000000000000100000000000000000000
000000000000000000000000000000000000000000000000000000100000
000000000000000000000000000000001000000000000000000000000000
000001000000000100000000000000100000001000000100010000000000
000100000001000000000000000000000000000000000000000000000000
000000000000000000000000000000000000000000000000000000000001
000000000000000000000000000000000000000000100000000000000000
100000000000000000000000000000000000000000000000000000000000
000000000000100000000000000000000000000000000000000000000000
000100000000000000000000000001000000000000000000000000000000
000000000000000000100000000000000000000000001000000000000000
000000000000000000000000000000000000000000001000000000000000
000000000000000000010000000000000000000000000000000000000000
000000000000000000000000000000000000000000000000000000010000
001000000000000000000000000000000000000000000000000000000000
000000000000000000000000000000000000000000010000000000000000
000000000100000000000000000000000000000000000000000000000000
000000000000000000000000000010000000000000000000000000000000
000000000000001000000000000000000000000000000000000000000000
000000000000000000000001000000000000000000000000000000000000
000000000000000000000000000000000000000001000000000000000000
000000000000000010000000000000000000000000000001000000000000
000000000000000000000000000000000000000000000000000000000000
000000000000000000000000000000000000010000000000000000000000
000000000000000000000010000000000000000000000000000000000000
000000000000000000000000000000000100000000000000000000000000
60
000000000000000000000000000000000001000000000000000000000000
000000010000000000000000000000000000000000000000000000000000
010000000000000000000000000000000000000000000000000000000000
000000000000000000000000000000010000000000000000000000000000
000000000000000000000000010000000000000000000000000000000000
000000001000000000000000000000000000000000000000000000000000
000000000000000000000001000000000000000000000000000000000000
000000000000000000000000000100000000000000000000000000000000
000000000000000000000000000000000000000000000000000000000001
000000000000000000000000000000000000000000000000100000000000
000000000000000000000000000000001000000000000000000000000000
000000000000000000000000000000100000000000000000000000000000
000000000000000000000000000000000000000000010000000000000000
000000000000000000000000000000000000000000000000000100000000
000000000000010000000000000000000000000000000000000000000000
000000000000000000000000000000000000000000000000000000001000
000000000010000000000000000000000000000000000000000000000000
000000000000000000000000000000000000000000000100000000000000
100000000000000000000000000000000000000000000000000000000000
000000000000000000000000000000000000000000001000000000000000
000000000000000000000000000000000000000000000000000010000000
000000000000000000000000000000000000000000000000000000010000
000000000000000000000000000000000000000000000000010000000000
000000000000000000000000000000000000000000000010000000000000
000000000000000000000000000000000000000000000000000001000000
000000000000000010000000000000000000000000000000000000000000
000000000000000000000010000000000000000000000000000000000000
000000000000000000000000000000000000000010000000000000000000
000000000000000000000000000000000000000100000000000000000000
000000000000000000000000000000000000000000000000001000000000
000000000000000000001000000000000000000000000000000000000000
000000000000000000000000000000000000000001000000000000000000
000000000000000000000000000001000000000000000000000000000000
000000000000000000000000000000000000000000000001000000000000
000000000000000000000000000000000000000000000000000000100000
000000000000100000000000000000000000000000000000000000000000
000100000000000000000000000000000000000000000000000000000000
000000000000000000000000000000000010000000000000000000000000
000001000000000000000000000000000000000000000000000000000000
000000000000000000000000000000000000000000100000000000000000
000000000000000100000000000000000000000000000000000000000000
000000000000000000000000000000000000001000000000000000000000
000000000000000000000000100000000000000000000000000000000000
000000000000000000000000000000000000000000000000000000000100
000000000000000000000000001000000000000000000000000000000000
000000000000000000100000000000000000000000000000000000000000
000000000000000000000000000010000000000000000000000000000000
001000000000000000000000000000000000000000000000000000000000
000000000000000001000000000000000000000000000000000000000000
000000000000000000000000000000000100000000000000000000000000
000000000000000000000100000000000000000000000000000000000000
000000000000000000000000000000000000010000000000000000000000
000010000000000000000000000000000000000000000000000000000000
000000000000001000000000000000000000000000000000000000000000
000000000000000000000000000000000000000000000000000000000010
000000000000000000010000000000000000000000000000000000000000
000000000000000000000000000000000000100000000000000000000000
000000000001000000000000000000000000000000000000000000000000
000000000100000000000000000000000000000000000000000000000000
000000100000000000000000000000000000000000000000000000000000
60
000000000000000000000000000000000000100000000000000000000000
000000000000000000000000000000010000000000000000000000000000
000000000000000000000000000000000000000000010000000000000000
000000000010000000000000000000000000000000000000000000000000
000000000000000000000000000000000000000001000000000000000000
000000000000000000000000000000000000000000000001000000000000
000000000000000000000000010000000000000000000000000000000000
000000000000000000000000000000000000000000000010000000000000
001000000000000000000000000000000000000000000000000000000000
000000000000000000000000000000100000000000000000000000000000
000000000000000000000000000000000000000000000000100000000000
000000000000000000000000000100000000000000000000000000000000
000000000000000000000000000000000000000000000000000000000100
000000000000000000000000000010000000000000000000000000000000
000000000100000000000000000000000000000000000000000000000000
000000000000000000000000100000000000000000000000000000000000
000000000000000000000000000000000000000000000000000000000001
000000100000000000000000000000000000000000000000000000000000
000000000000000000000000000000000000000000000000000100000000
000001000000000000000000000000000000000000000000000000000000
000000000000000000000000000000000100000000000000000000000000
000000000000000000000000000000000001000000000000000000000000
010000000000000000000000000000000000000000000000000000000000
000000001000000000000000000000000000000000000000000000000000
000000000000000000000000000000000010000000000000000000000000
000000000000000000000010000000000000000000000000000000000000
000000000000100000000000000000000000000000000000000000000000
000000000000000000000000000000000000000000000000000000100000
000000000000000000000000000000000000001000000000000000000000
000000000000000000000000000000000000000000000000000010000000
000100000000000000000000000000000000000000000000000000000000
000000000000000000000000000000000000000000000000000000010000
000000000000000000000000000000000000010000000000000000000000
000000000001000000000000000000000000000000000000000000000000
000000000000000000000000000000000000000010000000000000000000
000000000000000000001000000000000000000000000000000000000000
000000000000000010000000000000000000000000000000000000000000
000000000000000000010000000000000000000000000000000000000000
000000000000000000100000000000000000000000000000000000000000
100000000000000000000000000000000000000000000000000000000000
000000000000000000000000000000000000000000000000010000000000
000000000000000000000000000000000000000000000000001000000000
000000000000000001000000000000000000000000000000000000000000
000000000000000000000000000000000000000100000000000000000000
000000000000000000000001000000000000000000000000000000000000
000000000000000100000000000000000000000000000000000000000000
000000000000000000000000000000000000000000001000000000000000
000010000000000000000000000000000000000000000000000000000000
000000010000000000000000000000000000000000000000000000000000
000000000000000000000100000000000000000000000000000000000000
000000000000000000000000000000000000000000000000000000000010
000000000000000000000000000001000000000000000000000000000000
000000000000000000000000000000001000000000000000000000000000
000000000000000000000000000000000000000000000000000000001000
000000000000000000000000001000000000000000000000000000000000
000000000000000000000000000000000000000000000000000001000000
000000000000000000000000000000000000000000000100000000000000
000000000000001000000000000000000000000000000000000000000000
000000000000000000000000000000000000000000100000000000000000
000000000000010000000000000000000000000000000000000000000001
60
000000100000000000000000000000000000000000000000000000000000
000000000000000000000000000000000000000000100000000000000000
000000000000000000000100000000000000000000000000000100000000
000000000000000000000000000000000000100000000000000000000000
000000000000000000000000000000000000000000000100000000000000
100000000000000000000000000000000000000000000000000000000000
000000000000000000000000010000000000000000000000000000000000
000000000000000000000000000000000000010000000000000000000000
000000000000000000001000000000000000000000000000000000000000
000000000000000000000000000100000000000000000000000000000000
000000000000000000000000000000000000001000000000000000000000
000000000000000000000000000000000000000000000000000000001000
000000000000000100000000000000000000000000000000000000000000
010000000000000000000000000000000000000000000010000000000000
000000000000000000000000000000000010000000000000000000100000
010000000010000000000000000000000000000000000000000000000000
000000000000010000000000000000000000000000000000000000000000
000000000000000010000000000000000000000000000000000000000000
000000000000000001000000000000000000000000000000000000000000
000000000000000000000000000000000001000000000000000000000000
000000000000001000000000000000000000000000000000000000000000
000000000000000000000000001000000000000000000000000000000000
000000000000000000000000000000000000000010000000000000000000
000000010000000000000000000000000000000000000000000000000000
000000000000100000000000000000000000000000000000000000000000
000000000000000000000000000000000000000000000000000001000000
000000000000000000000000000000000000000000010000000000000000
000000000000000000000001000000000000010000000000000000000000
000000000000000000000000000000001000000000000000000000000000
000000000000000000000010000000000000000000000000000000000000
000000000000000000000000000000000000000000000000000100000000
000001000000000000000000000000000000000000000000000000000000
000000000000000000000000000000000000000000000000100000000000
000000000000000000000000000000000000000000000000000010000000
000000000000000000000000000000000000000000000000000000000001
000000000000000000000000000000000000000000000000000000000100
000000000000000000000000000000000000000000000000001000000000
000000000000000000000000000000000010000000000000000000000000
000000000000000000100000000000000000000000000000000000000000
000100000000000000000000000000000000000000000000000000000000
001000000000000000000000000000000000000000000000000000000000
000000000000000000000000000000010000000000000000000000000000
000000000000000000010000000000000000000000000000000000000000
000000000001000000000000000000000000000000000000000000000000
000000000000000000000000000000000000000000000010000000000000
000000000100000000000000000000000000000000000000000000000000
000000000000000000000000000000000100000000000000000000000000
000000000000000000000000000010000000000000000000000000000000
000000000000000000000000100000000000000000000000000000000000
000000000000000000000000000000000000000000000001000000000000
000010000000000000000000000000000000000000000000000000000000
000000000000000000000000000001000000000000000000000000000000
000000000000000000000000000000000000000000000000000000010000
000000000000000000000000000000000000000000001000000000000000
000000000000000000000000000000000000000000000000000000000010
000000001000000000000000000000000000000000000000000000000000
000000000000000000000000000000000000000000000000010000000000
000000000000000000000000000000000000000001000000000000000000
000000000000000000000000000000000000000100000000000000000000
000000000000000000000000000000100000000000000000000000000000
60
000000000000000000000000000000000000000000000000000000000000
000000000100000000000000000000000000000000000000000000000000
000000000000000000000000000000000000000000000000000000000000
000000000000010000000000000000000000000000000000000000000000
000000000000000000000000000000000000000000000000010000000000
000000000000000000000000000000000000000000000000000000000000
000000000000000000000000010000000000000000000000000000000000
000000000000000000000000000000000010000000000000000000000000
000000000000000000000000000000000000000000000000000000000000
000000000000000000000000000010000000000000000000000000000000
000000000000000000000000000000000000000000100000000000000000
000000000000000000000000000000000000000000000100000000000000
000000000000000000010000000000000000000000000000000000000000
000000000000000000000000000000010000000000000000000000000000
000000000000000100000000000000000000000000000000000000000000
000000000000000000000000000000000000000000000000000100000000
000000000000000001000000000000000000000000000000000000000000
000000000000000000000000000000000000000000000000000001000000
000000000000000000000000000000000000001000000000000000000000
000000000000000000001000000000000000000000000000000000000000
000000000000000010000000000000000000000000000000000000000000
000000000000000000000000000000000000000000000000000000000000
000000000000000000000000000000000000000000000000000000000000
000000000000000000000000000000000000000000000000000000000000
000000000000000000000000000000100000000000000000000000000000
000000000000000000000000000000000000010000000000000000000000
000000000000000000000000000001000000000000000000000000000000
000000000000000000000000001000000000000000000000000000000000
000000000000000000000000000000000000000000000000000000000001
000000000000000000000000000000000000000000000010000000000000
000000000000000000000000000000000000000000000000000010000000
000000000000000000000000000000000001000000000000000000000000
000000000000000000000000000000000000000000000000000000000010
000000000000000000000000000000000000000000000000000000000000
000000000000000000100000000000000000000000000000000000000000
000000000000000000000000000000000000000000001000000000000000
000000000000000000000000000000000000000000000000000000010000
000000000000100000000000000000000000000100000000000000000000
000000000000000000000000000100000000000000000000000000000000
000000000000000000000000000000000000000000000000000000100000
000000000000000000000000000000000000100000000000000000000000
000000000000000000000000000000000000000000000000100000000000
000000000000000000000000000000000000010000000000000000000000
000000000000000000000000000000000000000000000000000000000000
000000000000000000000000100000000000000000000000000000000000
000000000000000000000000000000000000000001000000000000000000
000000000010000000000000000000000000000000000000000000000000
000000000000000000000000000000001000000000000000000000000000
000000000000000000000000000000000000000000000000000000001000
000000100000000000000000000000000000000000000000000000000000
000000000000000000000000000000000000000010000000000000000000
000100000000000000000000000000000000000000000000000000000000
000000010000000000000000000000000000000000000000000000000000
010000000000000000000000000000000000000000000000000000000000
000000000001000000000000000000000000000000000000000000000000
000000000000000000000000000000000000000000000000000000000100
000000000000001000000000000000000000000000000000000000000000
000000000000000000000000000000000000000000000001000000000000
000010000000000000000000000000000000000000000000000000000000
000000000000000000000000000000000000000000000000001000000000
60
000000000000000000000000000000000000000100000000000000000000
000000000000000000000000000000000100000000000000000000000000
000000000000000000000000001000000000000000000000000000000000
000000000000000000000000000000000000010000000000000000000000
000000000000000000000000000000000000000000000000001000000000
000000000000000000000000000000000000000000000000000000000100
000000000000000000000000000000000000100000000000000000000000
000000000000001000000000000000000000000000000000000000000000
000000000000000000000000000000000000000000000000000000100000
000000000000000000000000000000000000000000001000000000000000
000000000000000000000000000010000000000000000000000000000000
000000000000000000000000000000000010000000000000000000000000
000000000000000000000000000000000000000010000000000000000000
000010000000000000000000000000000000000000000000000000000000
000000000000000000000000000000000000000000000000000000000010
000000000000000000000000000000000000000000000000000000000001
000000000000000000000000000000000000000000000000000000001000
000000000000000000000000000000000000000000100000000000000000
000000000000000010000000000000000000000000000000000000000000
000000000000100000000000000000000000000000000000000000000000
000000000001000000000000000000000000000000000000000000000000
000000010000000000000000000000000000000000000000000000000000
000000000000000000000000000100000000000000000000000000000000
000000000000000000000000000000010000000000000000000000000000
000000000000000100000000000000000000000000000000000000000000
000000000000000000000000000000000001000000000000000000000000
000000000000000000000000000000000000000000010000000000000000
000000000000000000000000000000000000000000000000000000010000
000001000000000000000000000000000000000000000000000000000000
010000000000000000000000000000000000000000000000000000000000
100000000000000000000000000000000000000000000000000000000000
000000000000010000000000000000000000000000000000000000000000
000000000000000000000000100000000000000000000000000000000000
000000000000000000000000000000001000000000000000000000000000
000000000000000000000000000000000000000000000100000000000000
000000000000000000000000000000100000000000000000000000000000
000000000000000000000010000000000000000000000000000000000000
000000000000000000001000000000000000000000000000000000000000
000000000000000000000000000000000000000000000000000010000000
000000000000000000000000000000000000000000000000010000000000
000000000000000000000000000000000000000000000000100000000000
000000000000000000010000000000000000000000000000000000000000
000000000000000000000000000000000000000000000001000000000000
000000000000000000000000000000000000000000000010000000000000
000000100000000000000000000000000000000000000000000000000000
000000000000000001000000000000000000000000000000000000000000
000100000000000000000000000000000000000000000000000000000000
000000000000000000000000000000000000000000000000000100000000
000000000000000000100000000000000000000000000000000000000000
000000000100000000000000000000000000000000000000000000000000
000000000000000000000000010000000001000000000000000000000000
000000000000000000000001000000000000000000000000000000000000
000000000000000000000100000000000000000000000000000000000000
000000000000000000000000000000000000000001000000000000000000
001000000000000000000000000000000000000000000000000000000000
000000000000000000000000000000000000000000000000000001000000
000000000010000000000000000000000000000000000000000000000000
000000000000000000000000000001000000000000000000000000000000
000000001000000000000000000000000000000000000000000000000000
000000000000000000000000000000000000001000000000000000000000
