15
30 30 8
4
8 3 4 752 6
20 27 6 641 7
25 29 10 943 8
23 17 7 643 7
14 21 5 8752 5
9 18 5 530 4
20 5 16 776 6
15 11 9 975 5
30 30
30 30 8
8
13 12 8505 70 7
5 30 8337 78 7
27 24 7602 57 8
11 2 3485 83 4
6 25 2469 75 4
25 25 3542 51 6
14 27 8598 67 8
18 11 1255 62 6
12 21
30 28 8
5
15 26 5121 483 2
7 20 7244 1110 1
5 10 1325 8365 4
23 9 7200 3482 6
3 19 1201 6651 6
28 12 7639 7656 2
7 7 4565 3189 8
25 26 4438 2305 2
9 7
10 22 7
4
4 4 6476 5728 7
4 6 5265 2533 3
10 20 8831 3279 5
7 3 7991 3339 3
9 2 1930 9740 1
8 17 1562 2525 4
7 17 599 1646 3
1 1
4 5 2
4
2 2 8 7 3
3 2 10 2 2
1 1
30 28 8
5
4 9 5614 857 1
27 1 7644 2259 2
22 24 9898 3959 3
11 16 9611 5219 5
14 28 4460 7317 1
22 9 9654 7109 1
30 7 4331 3316 1
22 23 1989 6601 3
30 1
30 30 8
7
9 6 333 56 4
27 5 8659 55 7
28 30 5676 65 6
9 28 8663 89 5
4 8 649 90 7
21 6 1175 50 6
26 27 3913 59 5
23 8 897 59 5
20 30
17 15 2
7
7 4 5752 8428 2
7 12 3908 9382 6
4 15
30 28 8
8
3 6 4666 8454 6
30 18 1991 372 8
21 20 706 7162 3
1 18 5601 9368 6
21 7 1743 4508 2
16 26 9010 5476 7
12 26 2671 4255 3
28 8 6252 8175 4
20 28
30 28 8
5
13 21 1293 513 6
7 23 4129 4997 1
14 16 9458 3914 5
22 20 649 7015 8
27 9 9448 7036 4
10 15 9029 957 2
26 7 8265 8375 7
6 9 805 479 2
20 2
2 10 6
8
2 7 8689 63 6
1 1 7608 80 8
1 10 3589 79 7
1 8 6291 62 8
2 10 5028 78 2
2 3 1096 71 3
2 9
30 28 8
5
4 9 5614 857 1
27 1 7644 2259 2
22 24 9898 3959 3
11 16 9611 5219 5
14 28 4460 7317 1
22 9 9654 7109 1
30 7 4331 3316 1
22 23 1989 6601 3
30 1
30 28 8
5
15 26 5121 483 2
7 20 7244 1110 1
5 10 1325 8365 4
23 9 7200 3482 6
3 19 1201 6651 6
28 12 7639 7656 2
7 7 4565 3189 8
25 26 4438 2305 2
9 7
10 22 7
4
4 4 6476 5728 7
4 6 5265 2533 3
10 20 8831 3279 5
7 3 7991 3339 3
9 2 1930 9740 1
8 17 1562 2525 4
7 17 599 1646 3
1 1
3 5 7
6
2 2 876 61 6
3 3 3177 79 6
1 2 1735 77 6
2 3 5600 58 7
2 1 9926 92 4
1 1 4742 100 7
1 5 6528 62 7
3 5